[0,1,3,4,5,7,10,12,14,16,18,19,20,21,22,24,25,26,27,28,29,31,33,34,36,38,39,41,42,43,44,50,52,59,60,62,65,66,68,69,71,73,74,75,78,82,83,87,90,95,103,105,108,109,113,114,118,120,134,145,146,149,160,175,183,184,192,194,196,208,209,213,217,220,227,228,241,253,254,257,265,274,275,284,307,321,322,328,330,355,366,372,382,386,414,446,460,463,473,483,485,525,532,590,605,644,656,660,672,688,697,706,723,728,739,762,774,1030,1111,1121,1150,1256,1303,1325,1389,1667,2288]
[2,6,35,216]
[8,119,1615,2543]
[30]
[45,277]
[54,102,125]
[58,166,245]
[111,681]
[142,1231]
[283,2281]
[359,468]
[475,713,752,1072,1270,1565,1620,2479,2575,2976,3280]
[497,935,1530,1992,2116]
[541,780,871,909,915,1136,1197,1206,1355,1408,1418,1498,1508,1648,1723,1761,1861,1913,1918,2005,2097,2332,2374,2414,2694,2696,2739,2801,2901,2997,3000,3063,3102,3128,3268]
[576,1033]
[640,1245,1794,1866,2113,2150,2188,2606,2876,2953,2955]
[659,661]
[2517,2744]
[2862,2985]
